137
164
189
207
217
218
209
192
169
142
113
85
61
43
34
33
41
57
77
103
132
160
184
203
214
217
212
198
178
152
124
98
73
53
40
34
37
47
65
86
112
139
165
188
205
214
216
210
197
177
153
128
102
77
57
44
37
37
46
59
79
103
129
155
178
197
210
215
214
205
189
169
146
120
95
74
56
44
38
40
48
62
81
103
126
151
174
192
206
213
214
207
195
177
155
132
109
86
67
52
43
40
43
52
67
87
107
130
153
174
192
205
212
212
207
196
180
160
138
115
93
74
59
48
42
43
49
60
75
94
116
139
160
179
195
206
211
211
205
194
178
159
138
117
96
77
62
51
45
44
48
57
71
87
107
128
149
168
185
198
207
210
208
201
190
175
156
137
117
97
80
65
54
47
46
49
57
68
83
101
121
140
160
177
191
201
207
208
205
197
185
170
152
133
114
96
79
66
56
49
48
50
56
67
80
96
114
131
149
167
182
194
202
206
206
202
193
182
167
150
133
115
98
83
69
59
52
50
51
55
64
75
89
105
122
140
157
172
185
195
202
205
204
199
191
180
166
150
134
117
100
86
73
63
56
52
52
55
61
71
83
97
112
128
143
159
173
185
194
200
203
202
198
191
181
168
154
138
123
108
93
80
69
61
56
53
54
58
65
74
85
99
113
127
143
157
171
182
191
197
201
201
198
192
184
174
161
148
133
119
104
91
80
70
62
58
56
56
60
66
74
84
96
109
122
137
151
164
175
185
192
197
199
199
195
190
181
172
160
147
134
120
107
95
83
74
66
61
58
58
59
64
70
78
89
99
112
125
138
151
163
173
183
190
194
197
197
195
190
183
175
165
153
142
129
117
105
93
84
75
68
63
60
60
61
65
70
77
86
96
107
118
130
142
154
164
174
182
188
192
195
195
193
189
183
176
167
157
146
135
123
112
101
91
82
75
69
65
63
62
63
66
71
77
85
94
104
114
125
136
147
157
167
175
182
187
191
193
193
191
187
182
176
168
159
149
139
128
118
108
99
90
82
76
70
67
65
64
65
68
72
78
84
92
101
110
119
129
139
149
158
167
174
180
185
188
190
190
189
186
182
176
170
162
154
144
135
125
116
107
99
91
84
78
73
70
68
67
67
69
72
77
82
89
96
104
112
121
129
139
148
156
164
171
177
181
185
187
188
188
186
183
179
174
167
161
153
145
136
128
119
111
103
95
89
83
78
74
71
70
69
70
72
74
78
83
88
94
101
108
116
124
132
140
148
156
162
169
174
178
182
184
185
185
184
182
179
175
170
164
158
151
144
136
129
121
114
107
100
94
88
83
79
76
74
72
72
72
74
76
80
83
88
94
100
106
113
119
126
134
141
148
155
161
166
171
175
179
181
182
183
182
181
179
176
172
168
162
157
151
144
138
131
124
117
111
105
99
94
89
85
81
78
76
75
75
75
76
78
80
84
87
92
96
102
107
113
119
125
131
138
144
150
156
161
166
170
173
176
178
179
180
180
179
177
175
172
168
164
159
154
149
143
138
132
126
120
114
109
103
98
94
90
86
83
81
79
78
78
78
78
80
82
84
87
90
94
99
103
108
113
118
123
129
134
140
145
150
155
160
164
167
170
173
175
176
177
177
177
175
174
172
169
166
162
158
154
149
144
139
134
129
124
119
114
109
105
101
97
93
90
87
85
83
82
81
81
81
81
83
84
86
88
91
94
98
101
105
109
114
118
123
127
132
136
141
146
150
154
158
162
165
167
170
171
173
174
174
174
173
172
171
169
167
164
161
158
154
150
146
142
138
134
129
125
121
117
112
108
105
101
98
95
92
90
88
87
85
84
84
84
84
85
86
87
89
91
93
96
98
102
105
108
111
115
119
123
126
130
134
138
142
146
150
153
156
159
162
164
166
168
169
170
170
171
170
170
169
168
166
164
162
160
157
155
151
148
145
141
138
134
131
127
123
120
116
113
110
107
104
101
98
96
94
92
91
90
89
88
88
87
88
88
89
90
91
92
94
96
98
100
102
105
108
111
113
116
119
122
126
129
132
135
138
142
145
148
150
153
156
158
160
162
163
164
165
166
167
167
167
167
166
165
164
163
161
160
158
156
154
151
149
146
143
140
138
135
132
129
126
123
120
117
115
112
109
107
105
103
101
99
97
96
95
93
93
92
92
91
91
91
92
92
93
94
95
96
97
99
100
102
104
106
108
111
113
115
118
120
122
125
127
130
132
135
137
140
142
145
147
149
151
153
155
157
158
159
160
161
162
163
163
163
163
163
162
162
161
160
159
158
157
155
153
152
150
148
146
144
142
139
137
135
133
130
128
126
123
121
119
117
115
113
111
109
107
106
104
103
101
100
99
98
97
97
96
96
95
95
95
95
96
96
97
97
98
99
100
101
102
103
104
106
107
109
111
112
114
116
118
119
121
123
125
127
129
130
132
134
136
138
140
142
144
146
147
149
150
152
153
154
155
156
157
157
158
158
159
159
159
159
159
158
158
157
157
156
155
154
153
152
151
149
148
147
145
144
142
140
139
137
135
134
132
130
128
127
125
123
122
120
119
117
115
114
112
111
110
109
108
106
105
105
104
103
102
102
101
101
100
100
100
100
100
100
100
100
100
101
101
102
102
103
104
105
105
106
107
108
109
110
111
113
114
115
116
117
119
120
121
123
124
125
127
128
129
131
132
133
135
136
138
139
140
142
143
144
145
146
147
148
149
150
151
151
152
152
153
153
154
154
154
154
154
154
154
154
153
153
153
152
152
151
150
150
149
148
147
146
145
144
143
142
141
140
139
138
137
135
134
133
132
131
129
128
127
126
125
123
122
121
120
119
118
117
116
115
114
113
112
112
111
110
109
109
108
108
107
107
106
106
106
105
105
105
105
105
105
105
105
105
105
105
105
106
106
106
107
107
108
108
109
109
110
110
111
112
112
113
114
114
115
116
117
118
118
119
120
121
122
123
123
124
125
126
127
128
129
129
130
131
132
133
134
135
136
137
137
138
139
140
141
142
142
143
144
144
145
145
146
146
147
147
147
148
148
148
148
149
149
149
149
149
149
149
148
148
148
148
148
147
147
147
146
146
145
145
144
144
143
143
142
141
141
140
139
139
138
137
137
136
135
134
134
133
132
131
131
130
129
128
128
127
126
126
125
124
123
123
122
121
121
120
120
119
118
118
117
117
116
116
115
115
114
114
114
113
113
113
112
112
112
111
111
111
111
111
111
111
111
110
110
110
110
110
110
111
111
111
111
111
111
111
112
112
112
112
112
113
113
113
114
114
114
115
115
115
116
116
116
117
117
118
118
119
119
119
120
120
121
121
122
122
123
123
124
124
125
125
125
126
126
127
127
128
128
129
129
130
130
130
131
131
132
132
132
133
134
134
135
135
136
136
136
137
137
138
138
138
139
139
140
140
140
140
141
141
141
141
142
142
142
142
142
142
142
142
142
142
143
143
143
142
142
142
142
142
142
142
142
142
142
141
141
141
141
141
140
140
140
140
139
139
139
138
138
138
138
137
137
137
136
136
135
135
135
134
134
134
133
133
132
132
132
131
131
131
130
130
129
129
129
128
128
128
127
127
127
126
126
126
125
125
125
124
124
124
123
123
123
122
122
122
122
121
121
121
121
120
120
120
120
120
119
119
119
119
119
118
118
118
118
118
118
118
118
118
117
117
117
117
117
117
117
117
117
117
117
117
117
117
117
117
117
117
117
117
117
117
117
117
117
117
118
118
118
118
118
118
118
118
118
119
119
119
119
119
119
119
119
120
120
120
120
120
120
121
121
121
121
121
121
121
122
122
122
122
122
123
123
123
123
123
123
124
124
124
124
124
124
125
125
125
125
125
126
126
126
126
126
126
127
127
127
127
127
127
128
128
128
128
128
128
128
129
129
129
129
129
129
129
130
130
130
130
130
130
130
130
131
131
131
131
131
131
131
132
132
132
132
132
132
133
133
133
133
133
133
133
133
134
134
134
134
134
134
134
134
134
134
134
135
135
135
135
135
135
135
135
135
135
135
135
135
135
135
135
135
135
135
135
135
135
135
135
135
135
135
135
135
134
134
134
134
134
134
134
134
134
134
134
134
134
134
133
133
133
133
133
133
133
133
133
133
133
132
132
132
132
132
132
132
132
132
131
131
131
131
131
131
131
131
131
130
130
130
130
130
130
130
130
130
129
129
129
129
129
129
129
129
129
129
128
128
128
128
128
128
128
128
128
128
128
127
127
127
127
127
127
127
127
127
127
127
127
126
126
126
126
126
126
126
126
126
126
126
126
126
126
126
126
125
125
125
125
125
125
125
125
125
125
125
125
125
125
125
125
125
125
125
125
125
125
125
125
125
125
125
125
125
125
125
125
125
125
125
125
125
125
125
125
125
125
125
125
125
125
125
125
125
125
125
125
125
125
125
125
125
125
125
125
125
125
125
125
125
125
125
125
125
125
125
125
125
125
125
125
125
125
125
125
125
125
125
125
125
125
125
125
125
125
125
125
125
125
125
125
125
125
125
126
126
126
126
126
126
126
126
126
126
126
126
126
126
126
126
126
126
126
126
126
126
126
126
126
126
126
126
126
126
126
126
126
126
126
126
126
126
126
127
127
127
127
127
127
127
127
127
127
127
127
127
127
127
127
127
127
127
127
127
127
127
127
127
127
127
127
127
127
127
127
127
127
127
127
127
127
127
127
127
127
127
127
127
127
127
127
127
127
127
127
127
127
127
127
127
127
127
127
127
127
127
127
127
127
127
127
127
127
127
127
127
127
127
127
127
127
127
127
127
127
128
128
128
128
128
128
128
128
128
128
128
128
128
128
128
128
128
128
128
128
128
128
128
